<?xml version="1.0" encoding="UTF-8" standalone="no"?>
<!-- Created with Inkscape (http://www.inkscape.org/) -->

<svg
   version="1.1"
   id="svg1"
   width="349.86667"
   height="262.39999"
   viewBox="0 0 349.86667 262.39999"
   xmlns="http://www.w3.org/2000/svg"
   xmlns:svg="http://www.w3.org/2000/svg">
  <defs
     id="defs1" />
  <g
     id="g1">
    <path
       style="fill:#0474f3;stroke:none"
       d="m 175.41141,36.200221 c -19.80222,2.6319 -38.42982,7.56825 -55.46667,18.42223 -50.842637,32.39128 -62.998157,101.923159 -20.224687,146.457619 26.705707,27.80517 66.942997,38.89101 104.491357,33.83291 16.12946,-2.17279 31.94415,-7.7805 45.86666,-16.1786 11.41353,-6.88467 21.5084,-15.58374 29.61482,-26.18683 6.58515,-8.61328 11.86617,-18.45335 15.15472,-28.8 C 317.6699,91.942211 245.2464,26.918511 175.41141,36.200221 m -6.4,113.680659 c 11.07117,-23.88211 39.85439,-45.51814 59.73333,-61.952259 3.26471,-2.69897 20.21467,-19.08859 24.44527,-13.12098 1.67732,2.366 -0.69675,5.83239 -1.84774,7.87324 -4.0217,7.13098 -8.26532,14.14001 -12.17696,21.333339 -13.07428,24.043 -27.63702,46.88746 -44.76707,68.26666 -5.64302,7.04279 -13.90579,19.28233 -24.32017,17.76625 -22.13453,-3.22224 -41.51516,-30.3877 -52.59506,-47.63291 -2.76752,-4.30749 -13.98922,-21.20241 -5.77037,-24.95226 5.70391,-2.60241 13.14462,2.85351 17.8321,5.42633 13.71629,7.52845 25.81257,20.62521 39.46667,26.99259 z"
       id="path1" />
  </g>
</svg>
